# inputs descriptions:
# intrinsic - 相机内参
# keypoints_cam1/2/3 - 图片中存在的人的三维人体关键点坐标，其中第14个为根结点，可以为0，模型会进行推理得出并替换。
# keypoints_img1/2/3 - 图片中存在的人的二维人体关键点坐标，其中第14个为根结点，可以为0，模型会进行推理得出并替换。

[intrinsic]
#下面为MuPoTS数据集中的TS17/img_000000.jpg图像数据写法举例
intrinsic= [1137.8203133580198, 1138.3319658637479, 945.7886150698768, 511.14915322116315]

[keypoints_cam]
keypoints_cam1 = [[-206.672, -552.217, 2512.18], [-319.071, -336.843, 2583.28], [-325.01, -250.281, 2455.22], [-275.59, 37.3368, 2449.05], [-240.426, 259.719, 2470.62], [-255.705, -314.3, 2698.2], [-199.483, -52.6977, 2814.85], [-127.361, 159.695, 2843.88], [-331.8525, 160.22350000000003, 2569.8399999999997], [-295.689, 559.366, 2653.7], [-404.02, 831.689, 2841.88], [-208.10549999999998, 94.80849999999995, 2753.62], [-111.481, 482.35, 2767.07], [-50.3462, 824.876, 2782.72], [-269.979, 127.516, 2661.73], [-267.25443615806773, -82.21882248416166, 2598.7176146845245], [-295.14, -414.961, 2559.77]]
keypoints_cam2 = [[298.294, -1021.91, 3350.8], [208.08, -815.86, 3600.86], [64.5126, -700.146, 3515.96], [43.318, -402.608, 3428.84], [97.1315, -155.347, 3443.98], [388.204, -728.831, 3624.49], [500.384, -441.334, 3588.03], [494.057, -187.913, 3587.36], [105.673, -180.488225, 3585.7425000000003], [174.89, 317.045, 3684.96], [221.605, 652.307, 3839.18], [400.009, -211.639775, 3667.7775000000006], [449.023, 304.234, 3651.73], [469.035, 671.9, 3704.52], [252.841, -196.064, 3626.76], [220.14962749014492, -490.09431015764176, 3643.0964934946664], [230.631, -895.392, 3524.43]]
keypoints_cam3 =[[1091.52, -943.73, 3471.1], [1092.99, -743.068, 3636.93], [960.009, -717.816, 3659.75], [794.295, -419.226, 3673.72], [826.717, -170.616, 3684.61], [1237.73, -705.365, 3636.49], [1293.5, -371.631, 3588.29], [1238.4, -128.231, 3614.71], [940.7345000000001, -315.64975, 3688.1400000000003], [935.098, 206.396, 3703.36], [922.3, 578.588, 3818.07], [1172.0855000000001, -264.24025, 3725.7], [1078.71, 220.306, 3805.55], [982.857, 571.138, 3945.48], [1056.41, -289.945, 3706.92], [1081.828389977083, -513.7727997013021, 3730.97899958647], [1092.66, -802.327, 3573.05]]

[keypoints_img]
keypoints_img1 = [[852.169, 260.926], [805.237, 362.718], [795.154, 395.11], [817.736, 528.504], [835.048, 630.814], [837.945, 378.551], [865.14, 489.838], [894.82, 575.071], [800.29, 582.8054999999999], [818.992, 751.095], [784.013, 844.287], [860.4399999999999, 548.5605], [899.936, 709.581], [925.191, 848.583], [830.365, 565.683], [828.801989633821, 475.4559509736245], [814.584, 326.615]]
keypoints_img2 =[[1047.07, 163.985], [1011.53, 253.233], [966.656, 284.469], [960.153, 377.489], [977.869, 459.803], [1067.65, 282.248], [1104.46, 371.132], [1102.49, 451.521], [979.6575, 454.435], [999.781, 609.089], [1011.46, 704.561], [1070.5425, 444.78700000000003], [1085.69, 605.987], [1089.84, 717.612], [1025.1, 449.611], [1014.6195159235705, 358.6636015089982], [1020.24, 221.952]]
keypoints_img3 =[[1303.59, 201.657], [1287.73, 278.575], [1244.26, 287.879], [1191.79, 381.249], [1201.08, 458.439], [1333.06, 290.348], [1355.95, 393.255], [1335.61, 470.767], [1235.7224999999999, 413.85075000000006], [1233.09, 574.591], [1220.64, 683.651], [1304.3775, 430.37325], [1268.31, 577.048], [1229.23, 675.931], [1270.05, 422.112], [1275.686052705893, 354.8136592625576], [1293.74, 255.537]]