aipp_op {
aipp_mode : static
related_input_rank : 0
input_format : RGB888_U8
csc_switch : false
rbuv_swap_switch : false

	mean_chn_0 :0
	mean_chn_1 :0
	mean_chn_2 :0

	min_chn_0 : 123.675
	min_chn_1 : 116.28
	min_chn_2 : 103.53

	var_reci_chn_0 : 0.017124753831664
	var_reci_chn_1 : 0.017507002801120
	var_reci_chn_2 : 0.017429193899782
}